0.110973 0.93481 0.955975 1 0 0 0
0.155126 0.958342 0.990754 1 0 0 0
0.150963 0.959693 1.00427 1 0 0 0
0.153068 0.954512 1.01778 1 0 0 0
0.715274 0.924081 0.255245 0 1 0 0
0.757986 0.963647 0.254662 0 1 0 0
0.725034 0.934957 0.260584 0 1 0 0
0.707275 0.91298 0.271303  0 1 0 0
0.166867 0.0791119 0.99865 0 0 1 0
0.214831 0.0810504 1.05571 0 0 1 0
0.219144 0.0750271 1.09692 0 0 1 0
0.219657 0.0780296 1.0989 0 0 1 0
0.145104 0.987106 0.825773 0 0 0 1
0.0978568 1 0.817521 0 0 0 1
0.101407 1 0.856648 0 0 0 1
0.0973993 1 0.848633 0 0 0 1
